local Library = loadstring(game:HttpGet("https://raw.githubusercontent.com/xHeptc/Kavo-UI-Library/main/source.lua"))()
local Window = Library.CreateLib("Bonus X hub", "DarkTheme")

local Tab = Window:NewTab("Auto Box")
local Section = Tab:NewSection("Use auto box with auto clicker")

Section:NewButton("Press before auto box", "Wait until it stop teleporting", function()
    game.Players.LocalPlayer.Character.HumanoidRootPart.CFrame = CFrame.new(-238.17038, -30.0301533, 1272.03101, -0.0423836708, 6.81474566e-09, -0.9991014, -8.69479351e-08, 1, 1.05093623e-08, 0.9991014, 8.73152288e-08, -0.0423836708)
local baseplate = Instance.new("Part")
baseplate.Parent = workspace
baseplate.Size = Vector3.new(2,1,2)
baseplate.Anchored = true
baseplate.Name = "Baseplate"
baseplate.Position = game.Players.LocalPlayer.Character.HumanoidRootPart.Position + Vector3.new(0,-2,0)
wait(3) --1
game.Players.LocalPlayer.Character.HumanoidRootPart.CFrame = CFrame.new(-98.1735916, -30.1341114, 1558.88538, -0.104080677, 4.69479708e-08, -0.994568884, 3.40944126e-08, 1, 4.36363976e-08, 0.994568884, -2.93675377e-08, -0.104080677)
local baseplate = Instance.new("Part")
baseplate.Parent = workspace
baseplate.Size = Vector3.new(2,1,2)
baseplate.Anchored = true
baseplate.Name = "Baseplate"
baseplate.Position = game.Players.LocalPlayer.Character.HumanoidRootPart.Position + Vector3.new(0,-2,0)
wait(3) --2
game.Players.LocalPlayer.Character.HumanoidRootPart.CFrame = CFrame.new(73.5696716, -30.1344185, 1544.40735, 0.00287804753, -1.00323646e-07, -0.999995887, 3.21132845e-08, 1, -1.00231638e-07, 0.999995887, -3.18246798e-08, 0.00287804753)
local baseplate = Instance.new("Part")
baseplate.Parent = workspace
baseplate.Size = Vector3.new(2,1,2)
baseplate.Anchored = true
baseplate.Name = "Baseplate"
baseplate.Position = game.Players.LocalPlayer.Character.HumanoidRootPart.Position + Vector3.new(0,-2,0)
wait(3) --3
game.Players.LocalPlayer.Character.HumanoidRootPart.CFrame = CFrame.new(58.2686424, -30.1416664, 1786.01721, -0.879164875, 1.30582913e-08, -0.476517737, -4.21942232e-08, 1, 1.05251004e-07, 0.476517737, 1.12639285e-07, -0.879164875)
local baseplate = Instance.new("Part")
baseplate.Parent = workspace
baseplate.Size = Vector3.new(2,1,2)
baseplate.Anchored = true
baseplate.Name = "Baseplate"
baseplate.Position = game.Players.LocalPlayer.Character.HumanoidRootPart.Position + Vector3.new(0,-2,0)
wait(3) --4
game.Players.LocalPlayer.Character.HumanoidRootPart.CFrame = CFrame.new(-208.761673, -30.1614037, 1919.01697, 0.0118971914, 2.52042707e-08, 0.999929249, 7.06803993e-09, 1, -2.52901504e-08, -0.999929249, 7.36842143e-09, 0.0118971914)
local baseplate = Instance.new("Part")
baseplate.Parent = workspace
baseplate.Size = Vector3.new(2,1,2)
baseplate.Anchored = true
baseplate.Name = "Baseplate"
baseplate.Position = game.Players.LocalPlayer.Character.HumanoidRootPart.Position + Vector3.new(0,-2,0)
wait(3) --5
game.Players.LocalPlayer.Character.HumanoidRootPart.CFrame = CFrame.new(-313.30896, -30.206707, 1802.43164, 0.995034099, 3.43764164e-08, -0.0995346829, -4.03874054e-08, 1, -5.8375921e-08, 0.0995346829, 6.21059755e-08, 0.995034099)
local baseplate = Instance.new("Part")
baseplate.Parent = workspace
baseplate.Size = Vector3.new(2,1,2)
baseplate.Anchored = true
baseplate.Name = "Baseplate"
baseplate.Position = game.Players.LocalPlayer.Character.HumanoidRootPart.Position + Vector3.new(0,-2,0)
wait(3) --6
game.Players.LocalPlayer.Character.HumanoidRootPart.CFrame = CFrame.new(-537.698853, -30.2504578, 1819.50537, -0.0551294163, -3.72739883e-08, -0.998479247, -6.60870203e-09, 1, -3.69658686e-08, 0.998479247, 4.56074467e-09, -0.0551294163)
local baseplate = Instance.new("Part")
baseplate.Parent = workspace
baseplate.Size = Vector3.new(2,1,2)
baseplate.Anchored = true
baseplate.Name = "Baseplate"
baseplate.Position = game.Players.LocalPlayer.Character.HumanoidRootPart.Position + Vector3.new(0,-2,0)
wait(3) --7
game.Players.LocalPlayer.Character.HumanoidRootPart.CFrame = CFrame.new(-585.433105, -29.9787312, 1918.12939, -0.889110327, -3.47505065e-08, 0.457692951, -3.3078809e-08, 1, 1.16667618e-08, -0.457692951, -4.76690021e-09, -0.889110327)
local baseplate = Instance.new("Part")
baseplate.Parent = workspace
baseplate.Size = Vector3.new(2,1,2)
baseplate.Anchored = true
baseplate.Name = "Baseplate"
baseplate.Position = game.Players.LocalPlayer.Character.HumanoidRootPart.Position + Vector3.new(0,-2,0)
wait(3) --8
game.Players.LocalPlayer.Character.HumanoidRootPart.CFrame = CFrame.new(-675.745605, -30.3993416, 1824.53833, 0.355284065, 4.9555581e-08, 0.934758365, 3.13643476e-08, 1, -6.49353211e-08, -0.934758365, 5.23885753e-08, 0.355284065)
local baseplate = Instance.new("Part")
baseplate.Parent = workspace
baseplate.Size = Vector3.new(2,1,2)
baseplate.Anchored = true
baseplate.Name = "Baseplate"
baseplate.Position = game.Players.LocalPlayer.Character.HumanoidRootPart.Position + Vector3.new(0,-2,0)
wait(3) --9
game.Players.LocalPlayer.Character.HumanoidRootPart.CFrame = CFrame.new(-681.453796, -30.1043968, 1556.78735, -0.0171859935, 7.69109434e-08, 0.9998523, -8.9111488e-08, 1, -7.84540006e-08, -0.9998523, -9.04466404e-08, -0.0171859935)
local baseplate = Instance.new("Part")
baseplate.Parent = workspace
baseplate.Size = Vector3.new(2,1,2)
baseplate.Anchored = true
baseplate.Name = "Baseplate"
baseplate.Position = game.Players.LocalPlayer.Character.HumanoidRootPart.Position + Vector3.new(0,-2,0)
wait(3) --10
game.Players.LocalPlayer.Character.HumanoidRootPart.CFrame = CFrame.new(-696.928223, -29.9380531, 1276.72314, -0.0494095534, -9.63907287e-10, 0.998778582, 4.04465483e-09, 1, 1.16517507e-09, -0.998778582, 4.09728518e-09, -0.0494095534)
local baseplate = Instance.new("Part")
baseplate.Parent = workspace
baseplate.Size = Vector3.new(2,1,2)
baseplate.Anchored = true
baseplate.Name = "Baseplate"
baseplate.Position = game.Players.LocalPlayer.Character.HumanoidRootPart.Position + Vector3.new(0,-2,0)
wait(3) --11
game.Players.LocalPlayer.Character.HumanoidRootPart.CFrame = CFrame.new(-456.399902, -30.1100159, 1501.8634, 0.990499496, -5.62708458e-09, -0.137516201, 3.59296282e-09, 1, -1.50400936e-08, 0.137516201, 1.44031151e-08, 0.990499496)
local baseplate = Instance.new("Part")
baseplate.Parent = workspace
baseplate.Size = Vector3.new(2,1,2)
baseplate.Anchored = true
baseplate.Name = "Baseplate"
baseplate.Position = game.Players.LocalPlayer.Character.HumanoidRootPart.Position + Vector3.new(0,-2,0)
wait(3) --12
game.Players.LocalPlayer.Character.HumanoidRootPart.CFrame = CFrame.new(-202.910797, -16.9280071, 1475.60547, 0.00852940232, 9.24795884e-08, -0.999963641, 1.89104021e-08, 1, 9.26442567e-08, 0.999963641, -1.96999146e-08, 0.00852940232)
local baseplate = Instance.new("Part")
baseplate.Parent = workspace
baseplate.Size = Vector3.new(2,1,2)
baseplate.Anchored = true
baseplate.Name = "Baseplate"
baseplate.Position = game.Players.LocalPlayer.Character.HumanoidRootPart.Position + Vector3.new(0,-2,0)
wait(3) --13
end)

Section:NewButton("Auto farm box", "Teleport", function()
while wait() do
game.Players.LocalPlayer.Character.HumanoidRootPart.CFrame = CFrame.new(-238.17038, -30.0301533, 1272.03101, -0.0423836708, 6.81474566e-09, -0.9991014, -8.69479351e-08, 1, 1.05093623e-08, 0.9991014, 8.73152288e-08, -0.0423836708)
wait(3) --1
game.Players.LocalPlayer.Character.HumanoidRootPart.CFrame = CFrame.new(-98.1735916, -30.1341114, 1558.88538, -0.104080677, 4.69479708e-08, -0.994568884, 3.40944126e-08, 1, 4.36363976e-08, 0.994568884, -2.93675377e-08, -0.104080677)
wait(3) --2
game.Players.LocalPlayer.Character.HumanoidRootPart.CFrame = CFrame.new(73.5696716, -30.1344185, 1544.40735, 0.00287804753, -1.00323646e-07, -0.999995887, 3.21132845e-08, 1, -1.00231638e-07, 0.999995887, -3.18246798e-08, 0.00287804753)
wait(3) --3
game.Players.LocalPlayer.Character.HumanoidRootPart.CFrame = CFrame.new(58.2686424, -30.1416664, 1786.01721, -0.879164875, 1.30582913e-08, -0.476517737, -4.21942232e-08, 1, 1.05251004e-07, 0.476517737, 1.12639285e-07, -0.879164875)
wait(3) --4
game.Players.LocalPlayer.Character.HumanoidRootPart.CFrame = CFrame.new(-208.761673, -30.1614037, 1919.01697, 0.0118971914, 2.52042707e-08, 0.999929249, 7.06803993e-09, 1, -2.52901504e-08, -0.999929249, 7.36842143e-09, 0.0118971914)
wait(3) --5
game.Players.LocalPlayer.Character.HumanoidRootPart.CFrame = CFrame.new(-313.30896, -30.206707, 1802.43164, 0.995034099, 3.43764164e-08, -0.0995346829, -4.03874054e-08, 1, -5.8375921e-08, 0.0995346829, 6.21059755e-08, 0.995034099)
wait(3) --6
game.Players.LocalPlayer.Character.HumanoidRootPart.CFrame = CFrame.new(-537.698853, -30.2504578, 1819.50537, -0.0551294163, -3.72739883e-08, -0.998479247, -6.60870203e-09, 1, -3.69658686e-08, 0.998479247, 4.56074467e-09, -0.0551294163)
wait(3) --7
game.Players.LocalPlayer.Character.HumanoidRootPart.CFrame = CFrame.new(-585.433105, -29.9787312, 1918.12939, -0.889110327, -3.47505065e-08, 0.457692951, -3.3078809e-08, 1, 1.16667618e-08, -0.457692951, -4.76690021e-09, -0.889110327)
wait(3) --8
game.Players.LocalPlayer.Character.HumanoidRootPart.CFrame = CFrame.new(-675.745605, -30.3993416, 1824.53833, 0.355284065, 4.9555581e-08, 0.934758365, 3.13643476e-08, 1, -6.49353211e-08, -0.934758365, 5.23885753e-08, 0.355284065)
wait(3) --9
game.Players.LocalPlayer.Character.HumanoidRootPart.CFrame = CFrame.new(-681.453796, -30.1043968, 1556.78735, -0.0171859935, 7.69109434e-08, 0.9998523, -8.9111488e-08, 1, -7.84540006e-08, -0.9998523, -9.04466404e-08, -0.0171859935)
wait(3) --10
game.Players.LocalPlayer.Character.HumanoidRootPart.CFrame = CFrame.new(-696.928223, -29.9380531, 1276.72314, -0.0494095534, -9.63907287e-10, 0.998778582, 4.04465483e-09, 1, 1.16517507e-09, -0.998778582, 4.09728518e-09, -0.0494095534)
wait(3) --11
game.Players.LocalPlayer.Character.HumanoidRootPart.CFrame = CFrame.new(-456.399902, -30.1100159, 1501.8634, 0.990499496, -5.62708458e-09, -0.137516201, 3.59296282e-09, 1, -1.50400936e-08, 0.137516201, 1.44031151e-08, 0.990499496)
wait(3) --12
game.Players.LocalPlayer.Character.HumanoidRootPart.CFrame = CFrame.new(-202.910797, -16.9280071, 1475.60547, 0.00852940232, 9.24795884e-08, -0.999963641, 1.89104021e-08, 1, 9.26442567e-08, 0.999963641, -1.96999146e-08, 0.00852940232)
wait(3) --13
end
end)

Section:NewButton("Sell Gui", "Click and press L to open gui", function()
    loadstring(game:HttpGet('https://pastebin.com/raw/Z3CPq9Xw'))()
end)

Section:NewKeybind("Close/Open gui", "Keybind", Enum.KeyCode.F, function()
	Library:ToggleUI()
end)

local Section = Tab:NewSection("Idk how to stop teleport XD")

local Tab = Window:NewTab("Credit")
local CreditSection = Tab:NewSection("Made by wiwat#8272")
